3 0 5 0 7 0 9 0 2
0 7 0 0 1 0 0 0 0
9 0 2 3 4 0 0 7 8
0 2 0 0 5 0 7 0 0
0 5 0 0 8 0 1 0 3
0 0 9 0 0 3 0 5 6
2 3 0 5 6 0 0 9 0
0 0 0 0 0 0 0 3 4
8 0 1 0 0 0 0 0 0




3 4 5 6 7 8 9 1 2

6 7 8 9 1 2 3 4 5

9 1 2 3 4 5 6 7 8

1 2 3 4 5 6 7 8 9

4 5 6 7 8 9 1 2 3

7 8 9 1 2 3 4 5 6

2 3 4 5 6 7 8 9 1

5 6 7 8 9 1 2 3 4

8 9 1 2 3 4 5 6 7



0 1 0 0 7 2 0 0 4
0 9 6 0 3 0 2 5 7
0 0 8 0 0 9 0 0 3
0 0 0 4 1 0 0 0 0
0 0 0 7 0 0 0 2 9
7 0 0 0 2 0 5 0 0
9 6 0 0 0 0 0 0 0 
0 0 0 3 0 0 7 4 0
0 0 7 0 8 4 1 0 0

0 1 0 6 7 2 9 8 4 

4 9 6 8 3 1 2 5 7 

2 7 8 5 4 9 6 1 3 

0 0 0 4 1 0 0 7 8 

0 0 0 7 6 0 4 2 9 

7 0 0 0 2 0 5 6 0 

9 6 0 1 5 7 8 3 2 

0 0 0 3 9 6 7 4 0 

0 0 7 2 8 4 1 0 0 







9 0 0 0 0 0 0 6 0
0 0 0 0 8 0 1 9 0
0 0 7 0 1 0 0 0 0
0 0 0 0 0 6 0 7 3
0 0 0 3 0 9 0 0 0
3 4 5 0 0 0 0 0 0
4 0 0 0 0 2 6 8 0
0 0 2 5 0 0 0 0 0
0 3 0 7 0 0 0 0 0


9 0 0 0 0 0 0 6 0 

0 0 0 0 8 0 1 9 0 

0 0 7 0 1 0 0 0 0 

0 0 0 0 0 6 0 7 3 

0 0 0 3 0 9 0 0 0 

3 4 5 0 0 0 0 0 0 

4 0 0 0 3 2 6 8 0 

0 0 2 5 0 0 0 0 0 

0 3 0 7 0 0 0 0 0 


